               Sayac              X              Y               Deger
                 163             33              3                   1
                 403             17              5                   1
                 421             35              5                   1
                 502            116              5                   1
                 512            126              5                   1
                 534             20              6                   1
                 537             23              6                   1
                 547             33              6                   1
                 579             65              6                   1
                 616            102              6                   1
                 648              6              7                   1
                 662             20              7                   1
                 675             33              7                   1
                 683             41              7                   1
                 796             26              8                   1
                 808             38              8                   1
                 838             68              8                   1
                 883            113              8                   1
                 907              9              9                   1
                 918             20              9                   1
                 919             21              9                   1
                 967             69              9                   1
                1028              2             10                   1
                1077             51             10                   1
                1096             70             10                   1
                1103             77             10                   1
                1108             82             10                   1
                1151            125             10                   1
                1179             25             11                   1
                1202             48             11                   1
                1253             99             11                   1
                1271            117             11                   1
                1306             24             12                   1
                1393            111             12                   1
                1429             19             13                   1
                1438             28             13                   1
                1449             39             13                   1
                1466             56             13                   1
                1489             79             13                   1
                1541              3             14                   1
                1617             79             14                   1
                1648            110             14                   1
                1658            120             14                   1
                1669              3             15                   1
                1693             27             15                   1
                1706             40             15                   1
                1715             49             15                   1
                1751             85             15                   1
                1763             97             15                   1
                1787            121             15                   1
                1800              6             16                   1
                1814             20             16                   1
                1817             23             16                   1
                1843             49             16                   1
                1845             51             16                   1
                1870             76             16                   1
                1879             85             16                   1
                1902            108             16                   1
                1912            118             16                   1
                1915            121             16                   1
                1939             17             17                   1
                1942             20             17                   1
                1969             47             17                   1
                1976             54             17                   1
                1992             70             17                   1
                2007             85             17                   1
                2014             92             17                   1
                2016             94             17                   1
                2028            106             17                   1
                2035            113             17                   1
                2114             64             18                   1
                2165            115             18                   1
                2180              2             19                   1
                2184              6             19                   1
                2189             11             19                   1
                2210             32             19                   1
                2219             41             19                   1
                2224             46             19                   1
                2226             48             19                   1
                2238             60             19                   1
                2256             78             19                   1
                2269             91             19                   1
                2275             97             19                   1
                2284            106             19                   1
                2327             21             20                   1
                2332             26             20                   1
                2368             62             20                   1
                2372             66             20                   1
                2380             74             20                   1
                2383             77             20                   1
                2385             79             20                   1
                2413            107             20                   1
                2455             21             21                   1
                2460             26             21                   1
                2472             38             21                   1
                2490             56             21                   1
                2497             63             21                   1
                2534            100             21                   1
                2540            106             21                   1
                2546            112             21                   1
                2555            121             21                   1
                2569              7             22                   1
                2604             42             22                   1
                2617             55             22                   1
                2627             65             22                   1
                2642             80             22                   1
                2662            100             22                   1
                2664            102             22                   1
                2683            121             22                   1
                2736             46             23                   1
                2742             52             23                   1
                2781             91             23                   1
                2783             93             23                   1
                2784             94             23                   1
                2822              4             24                   1
                2828             10             24                   1
                2832             14             24                   1
                2839             21             24                   1
                2842             24             24                   1
                2851             33             24                   1
                2864             46             24                   1
                2870             52             24                   1
                2879             61             24                   1
                2902             84             24                   1
                2909             91             24                   1
                2930            112             24                   1
                2952              6             25                   1
                2963             17             25                   1
                2964             18             25                   1
                2967             21             25                   1
                2984             38             25                   1
                3023             77             25                   1
                3027             81             25                   1
                3044             98             25                   1
                3050            104             25                   1
                3084             10             26                   1
                3108             34             26                   1
                3117             43             26                   1
                3118             44             26                   1
                3120             46             26                   1
                3144             70             26                   1
                3148             74             26                   1
                3160             86             26                   1
                3172             98             26                   1
                3178            104             26                   1
                3201            127             26                   1
                3215             13             27                   1
                3230             28             27                   1
                3239             37             27                   1
                3246             44             27                   1
                3251             49             27                   1
                3271             69             27                   1
                3279             77             27                   1
                3306            104             27                   1
                3331              1             28                   1
                3347             17             28                   1
                3358             28             28                   1
                3380             50             28                   1
                3389             59             28                   1
                3396             66             28                   1
                3404             74             28                   1
                3405             75             28                   1
                3406             76             28                   1
                3408             78             28                   1
                3426             96             28                   1
                3432            102             28                   1
                3434            104             28                   1
                3437            107             28                   1
                3441            111             28                   1
                3445            115             28                   1
                3489             31             29                   1
                3491             33             29                   1
                3511             53             29                   1
                3516             58             29                   1
                3527             69             29                   1
                3557             99             29                   1
                3559            101             29                   1
                3570            112             29                   1
                3577            119             29                   1
                3582            124             29                   1
                3588              2             30                   1
                3590              4             30                   1
                3597             11             30                   1
                3607             21             30                   1
                3622             36             30                   1
                3633             47             30                   1
                3662             76             30                   1
                3664             78             30                   1
                3669             83             30                   1
                3677             91             30                   1
                3684             98             30                   1
                3716              2             31                   1
                3719              5             31                   1
                3736             22             31                   1
                3778             64             31                   1
                3790             76             31                   1
                3801             87             31                   1
                3803             89             31                   1
                3808             94             31                   1
                3810             96             31                   1
                3823            109             31                   1
                3824            110             31                   1
                3829            115             31                   1
                3831            117             31                   1
                3833            119             31                   1
                3842              0             32                   1
                3849              7             32                   1
                3850              8             32                   1
                3864             22             32                   1
                3876             34             32                   1
                3889             47             32                   1
                3926             84             32                   1
                3938             96             32                   1
                3939             97             32                   1
                3951            109             32                   1
                3954            112             32                   1
                3960            118             32                   1
                3967            125             32                   1
                3968            126             32                   1
                3998             28             33                   1
                4003             33             33                   1
                4025             55             33                   1
                4043             73             33                   1
                4044             74             33                   1
                4047             77             33                   1
                4052             82             33                   1
                4085            115             33                   1
                4093            123             33                   1
                4146             48             34                   1
                4149             51             34                   1
                4158             60             34                   1
                4178             80             34                   1
                4180             82             34                   1
                4183             85             34                   1
                4190             92             34                   1
                4202            104             34                   1
                4218            120             34                   1
                4235              9             35                   1
                4240             14             35                   1
                4268             42             35                   1
                4280             54             35                   1
                4293             67             35                   1
                4328            102             35                   1
                4331            105             35                   1
                4337            111             35                   1
                4347            121             35                   1
                4357              3             36                   1
                4363              9             36                   1
                4393             39             36                   1
                4399             45             36                   1
                4403             49             36                   1
                4405             51             36                   1
                4427             73             36                   1
                4434             80             36                   1
                4442             88             36                   1
                4445             91             36                   1
                4468            114             36                   1
                4470            116             36                   1
                4473            119             36                   1
                4480            126             36                   1
                4483              1             37                   1
                4507             25             37                   1
                4523             41             37                   1
                4547             65             37                   1
                4548             66             37                   1
                4572             90             37                   1
                4597            115             37                   1
                4599            117             37                   1
                4600            118             37                   1
                4601            119             37                   1
                4606            124             37                   1
                4609            127             37                   1
                4610              0             38                   1
                4614              4             38                   1
                4618              8             38                   1
                4624             14             38                   1
                4625             15             38                   1
                4637             27             38                   1
                4647             37             38                   1
                4649             39             38                   1
                4654             44             38                   1
                4658             48             38                   1
                4675             65             38                   1
                4676             66             38                   1
                4680             70             38                   1
                4694             84             38                   1
                4713            103             38                   1
                4716            106             38                   1
                4720            110             38                   1
                4731            121             38                   1
                4755             17             39                   1
                4767             29             39                   1
                4771             33             39                   1
                4783             45             39                   1
                4794             56             39                   1
                4812             74             39                   1
                4835             97             39                   1
                4837             99             39                   1
                4848            110             39                   1
                4863            125             39                   1
                4887             21             40                   1
                4902             36             40                   1
                4908             42             40                   1
                4915             49             40                   1
                4920             54             40                   1
                4924             58             40                   1
                4930             64             40                   1
                4937             71             40                   1
                4941             75             40                   1
                4945             79             40                   1
                4946             80             40                   1
                4952             86             40                   1
                4976            110             40                   1
                4980            114             40                   1
                4982            116             40                   1
                4987            121             40                   1
