               Sayac              X              Y               Deger
                 147             17              5                   1
                 246            116              5                   1
                 291             33              6                   1
                 406             20              7                   1
                 540             26              8                   1
                 552             38              8                   1
                 821             51             10                   1
                 840             70             10                   1
                 852             82             10                   1
                 946             48             11                   1
                 997             99             11                   1
                1015            117             11                   1
                1050             24             12                   1
                1137            111             12                   1
                1173             19             13                   1
                1182             28             13                   1
                1233             79             13                   1
                1285              3             14                   1
                1361             79             14                   1
                1392            110             14                   1
                1402            120             14                   1
                1413              3             15                   1
                1437             27             15                   1
                1450             40             15                   1
                1459             49             15                   1
                1495             85             15                   1
                1507             97             15                   1
                1544              6             16                   1
                1558             20             16                   1
                1561             23             16                   1
                1587             49             16                   1
                1614             76             16                   1
                1623             85             16                   1
                1646            108             16                   1
                1656            118             16                   1
                1659            121             16                   1
                1683             17             17                   1
                1686             20             17                   1
                1713             47             17                   1
                1720             54             17                   1
                1736             70             17                   1
                1751             85             17                   1
                1760             94             17                   1
                1772            106             17                   1
                1779            113             17                   1
                1909            115             18                   1
                1924              2             19                   1
                1933             11             19                   1
                1954             32             19                   1
                1963             41             19                   1
                1968             46             19                   1
                1970             48             19                   1
                1982             60             19                   1
                2000             78             19                   1
                2013             91             19                   1
                2028            106             19                   1
                2071             21             20                   1
                2076             26             20                   1
                2112             62             20                   1
                2116             66             20                   1
                2124             74             20                   1
                2127             77             20                   1
                2129             79             20                   1
                2157            107             20                   1
                2199             21             21                   1
                2216             38             21                   1
                2234             56             21                   1
                2241             63             21                   1
                2278            100             21                   1
                2284            106             21                   1
                2313              7             22                   1
                2348             42             22                   1
                2361             55             22                   1
                2371             65             22                   1
                2386             80             22                   1
                2406            100             22                   1
                2408            102             22                   1
                2427            121             22                   1
                2480             46             23                   1
                2486             52             23                   1
                2525             91             23                   1
                2528             94             23                   1
                2566              4             24                   1
                2572             10             24                   1
                2576             14             24                   1
                2583             21             24                   1
                2586             24             24                   1
                2595             33             24                   1
                2608             46             24                   1
                2614             52             24                   1
                2623             61             24                   1
                2646             84             24                   1
                2653             91             24                   1
                2674            112             24                   1
                2696              6             25                   1
                2707             17             25                   1
                2711             21             25                   1
                2728             38             25                   1
                2767             77             25                   1
                2771             81             25                   1
                2788             98             25                   1
                2794            104             25                   1
                2828             10             26                   1
                2852             34             26                   1
                2861             43             26                   1
                2862             44             26                   1
                2864             46             26                   1
                2888             70             26                   1
                2892             74             26                   1
                2904             86             26                   1
                2916             98             26                   1
                2922            104             26                   1
                2945            127             26                   1
                2974             28             27                   1
                2983             37             27                   1
                2990             44             27                   1
                2995             49             27                   1
                3015             69             27                   1
                3023             77             27                   1
                3050            104             27                   1
                3075              1             28                   1
                3091             17             28                   1
                3102             28             28                   1
                3124             50             28                   1
                3133             59             28                   1
                3148             74             28                   1
                3149             75             28                   1
                3150             76             28                   1
                3170             96             28                   1
                3176            102             28                   1
                3178            104             28                   1
                3181            107             28                   1
                3185            111             28                   1
                3189            115             28                   1
                3233             31             29                   1
                3235             33             29                   1
                3255             53             29                   1
                3260             58             29                   1
                3301             99             29                   1
                3303            101             29                   1
                3314            112             29                   1
                3321            119             29                   1
                3326            124             29                   1
                3332              2             30                   1
                3341             11             30                   1
                3351             21             30                   1
                3366             36             30                   1
                3377             47             30                   1
                3406             76             30                   1
                3408             78             30                   1
                3413             83             30                   1
                3421             91             30                   1
                3428             98             30                   1
                3460              2             31                   1
                3480             22             31                   1
                3522             64             31                   1
                3534             76             31                   1
                3545             87             31                   1
                3547             89             31                   1
                3552             94             31                   1
                3554             96             31                   1
                3567            109             31                   1
                3573            115             31                   1
                3575            117             31                   1
                3577            119             31                   1
                3586              0             32                   1
                3593              7             32                   1
                3594              8             32                   1
                3608             22             32                   1
                3620             34             32                   1
                3633             47             32                   1
                3670             84             32                   1
                3682             96             32                   1
                3683             97             32                   1
                3691            105             32                   1
                3695            109             32                   1
                3704            118             32                   1
                3711            125             32                   1
                3712            126             32                   1
                3742             28             33                   1
                3747             33             33                   1
                3769             55             33                   1
                3787             73             33                   1
                3788             74             33                   1
                3791             77             33                   1
                3796             82             33                   1
                3829            115             33                   1
                3837            123             33                   1
                3890             48             34                   1
                3902             60             34                   1
                3927             85             34                   1
                3934             92             34                   1
                3946            104             34                   1
                3962            120             34                   1
                3979              9             35                   1
                3984             14             35                   1
                4012             42             35                   1
                4024             54             35                   1
                4037             67             35                   1
                4072            102             35                   1
                4075            105             35                   1
                4081            111             35                   1
                4091            121             35                   1
                4101              3             36                   1
                4107              9             36                   1
                4137             39             36                   1
                4143             45             36                   1
                4147             49             36                   1
                4149             51             36                   1
                4171             73             36                   1
                4178             80             36                   1
                4186             88             36                   1
                4189             91             36                   1
                4212            114             36                   1
                4214            116             36                   1
                4217            119             36                   1
                4224            126             36                   1
                4227              1             37                   1
                4251             25             37                   1
                4263             37             37                   1
                4267             41             37                   1
                4291             65             37                   1
                4292             66             37                   1
                4316             90             37                   1
                4341            115             37                   1
                4343            117             37                   1
                4344            118             37                   1
                4345            119             37                   1
                4350            124             37                   1
                4353            127             37                   1
                4354              0             38                   1
                4358              4             38                   1
                4362              8             38                   1
                4368             14             38                   1
                4369             15             38                   1
                4391             37             38                   1
                4393             39             38                   1
                4398             44             38                   1
                4402             48             38                   1
                4419             65             38                   1
                4420             66             38                   1
                4424             70             38                   1
                4438             84             38                   1
                4457            103             38                   1
                4460            106             38                   1
                4464            110             38                   1
                4475            121             38                   1
                4499             17             39                   1
                4511             29             39                   1
                4515             33             39                   1
                4527             45             39                   1
                4538             56             39                   1
                4556             74             39                   1
                4579             97             39                   1
                4592            110             39                   1
                4607            125             39                   1
                4631             21             40                   1
                4646             36             40                   1
                4659             49             40                   1
                4664             54             40                   1
                4668             58             40                   1
                4674             64             40                   1
                4681             71             40                   1
                4685             75             40                   1
                4689             79             40                   1
                4690             80             40                   1
                4696             86             40                   1
                4720            110             40                   1
                4724            114             40                   1
                4726            116             40                   1
                4731            121             40                   1
                4749             11             41                   1
                4750             12             41                   1
                4754             16             41                   1
                4764             26             41                   1
                4765             27             41                   1
                4786             48             41                   1
                4791             53             41                   1
                4794             56             41                   1
                4795             57             41                   1
                4801             63             41                   1
                4806             68             41                   1
                4811             73             41                   1
                4813             75             41                   1
                4839            101             41                   1
                4863            125             41                   1
                4867              1             42                   1
                4871              5             42                   1
                4873              7             42                   1
                4890             24             42                   1
                4892             26             42                   1
                4894             28             42                   1
                4922             56             42                   1
                4926             60             42                   1
                4933             67             42                   1
                4955             89             42                   1
                4975            109             42                   1
                4980            114             42                   1
