               Sayac              X              Y               Deger
                 156             26              8                   1
                 437             51             10                   1
                 613             99             11                   1
                 631            117             11                   1
                 666             24             12                   1
                 753            111             12                   1
                 789             19             13                   1
                 849             79             13                   1
                 977             79             14                   1
                1008            110             14                   1
                1018            120             14                   1
                1029              3             15                   1
                1066             40             15                   1
                1111             85             15                   1
                1123             97             15                   1
                1160              6             16                   1
                1174             20             16                   1
                1177             23             16                   1
                1203             49             16                   1
                1239             85             16                   1
                1262            108             16                   1
                1272            118             16                   1
                1302             20             17                   1
                1329             47             17                   1
                1352             70             17                   1
                1367             85             17                   1
                1376             94             17                   1
                1388            106             17                   1
                1395            113             17                   1
                1525            115             18                   1
                1540              2             19                   1
                1549             11             19                   1
                1570             32             19                   1
                1579             41             19                   1
                1584             46             19                   1
                1586             48             19                   1
                1598             60             19                   1
                1616             78             19                   1
                1629             91             19                   1
                1644            106             19                   1
                1687             21             20                   1
                1728             62             20                   1
                1732             66             20                   1
                1740             74             20                   1
                1743             77             20                   1
                1815             21             21                   1
                1832             38             21                   1
                1850             56             21                   1
                1894            100             21                   1
                1913            119             21                   1
                1964             42             22                   1
                2002             80             22                   1
                2022            100             22                   1
                2024            102             22                   1
                2043            121             22                   1
                2062             12             23                   1
                2096             46             23                   1
                2141             91             23                   1
                2144             94             23                   1
                2182              4             24                   1
                2192             14             24                   1
                2199             21             24                   1
                2202             24             24                   1
                2211             33             24                   1
                2224             46             24                   1
                2230             52             24                   1
                2239             61             24                   1
                2262             84             24                   1
                2269             91             24                   1
                2290            112             24                   1
                2312              6             25                   1
                2323             17             25                   1
                2327             21             25                   1
                2344             38             25                   1
                2383             77             25                   1
                2387             81             25                   1
                2404             98             25                   1
                2410            104             25                   1
                2468             34             26                   1
                2477             43             26                   1
                2478             44             26                   1
                2480             46             26                   1
                2504             70             26                   1
                2508             74             26                   1
                2520             86             26                   1
                2532             98             26                   1
                2538            104             26                   1
                2561            127             26                   1
                2611             49             27                   1
                2631             69             27                   1
                2639             77             27                   1
                2666            104             27                   1
                2691              1             28                   1
                2707             17             28                   1
                2718             28             28                   1
                2740             50             28                   1
                2749             59             28                   1
                2786             96             28                   1
                2792            102             28                   1
                2794            104             28                   1
                2797            107             28                   1
                2801            111             28                   1
                2805            115             28                   1
                2849             31             29                   1
                2851             33             29                   1
                2876             58             29                   1
                2917             99             29                   1
                2919            101             29                   1
                2930            112             29                   1
                2942            124             29                   1
                2948              2             30                   1
                2957             11             30                   1
                2967             21             30                   1
                2982             36             30                   1
                3022             76             30                   1
                3024             78             30                   1
                3029             83             30                   1
                3037             91             30                   1
                3044             98             30                   1
                3076              2             31                   1
                3096             22             31                   1
                3138             64             31                   1
                3150             76             31                   1
                3161             87             31                   1
                3163             89             31                   1
                3168             94             31                   1
                3170             96             31                   1
                3183            109             31                   1
                3189            115             31                   1
                3191            117             31                   1
                3193            119             31                   1
                3202              0             32                   1
                3209              7             32                   1
                3210              8             32                   1
                3224             22             32                   1
                3236             34             32                   1
                3249             47             32                   1
                3286             84             32                   1
                3298             96             32                   1
                3299             97             32                   1
                3307            105             32                   1
                3311            109             32                   1
                3320            118             32                   1
                3327            125             32                   1
                3328            126             32                   1
                3358             28             33                   1
                3363             33             33                   1
                3385             55             33                   1
                3403             73             33                   1
                3404             74             33                   1
                3407             77             33                   1
                3412             82             33                   1
                3445            115             33                   1
                3453            123             33                   1
                3506             48             34                   1
                3550             92             34                   1
                3562            104             34                   1
                3578            120             34                   1
                3595              9             35                   1
                3628             42             35                   1
                3640             54             35                   1
                3653             67             35                   1
                3688            102             35                   1
                3691            105             35                   1
                3707            121             35                   1
                3717              3             36                   1
                3723              9             36                   1
                3753             39             36                   1
                3759             45             36                   1
                3763             49             36                   1
                3787             73             36                   1
                3794             80             36                   1
                3802             88             36                   1
                3805             91             36                   1
                3830            116             36                   1
                3833            119             36                   1
                3840            126             36                   1
                3843              1             37                   1
                3867             25             37                   1
                3879             37             37                   1
                3883             41             37                   1
                3907             65             37                   1
                3908             66             37                   1
                3932             90             37                   1
                3957            115             37                   1
                3959            117             37                   1
                3960            118             37                   1
                3961            119             37                   1
                3966            124             37                   1
                3969            127             37                   1
                3970              0             38                   1
                3974              4             38                   1
                3978              8             38                   1
                3984             14             38                   1
                3985             15             38                   1
                4007             37             38                   1
                4009             39             38                   1
                4014             44             38                   1
                4018             48             38                   1
                4035             65             38                   1
                4036             66             38                   1
                4040             70             38                   1
                4054             84             38                   1
                4073            103             38                   1
                4076            106             38                   1
                4080            110             38                   1
                4091            121             38                   1
                4115             17             39                   1
                4127             29             39                   1
                4131             33             39                   1
                4154             56             39                   1
                4172             74             39                   1
                4195             97             39                   1
                4208            110             39                   1
                4247             21             40                   1
                4262             36             40                   1
                4280             54             40                   1
                4284             58             40                   1
                4290             64             40                   1
                4297             71             40                   1
                4301             75             40                   1
                4305             79             40                   1
                4306             80             40                   1
                4312             86             40                   1
                4336            110             40                   1
                4340            114             40                   1
                4342            116             40                   1
                4347            121             40                   1
                4365             11             41                   1
                4366             12             41                   1
                4370             16             41                   1
                4380             26             41                   1
                4381             27             41                   1
                4402             48             41                   1
                4410             56             41                   1
                4411             57             41                   1
                4417             63             41                   1
                4422             68             41                   1
                4427             73             41                   1
                4429             75             41                   1
                4455            101             41                   1
                4479            125             41                   1
                4483              1             42                   1
                4487              5             42                   1
                4489              7             42                   1
                4506             24             42                   1
                4508             26             42                   1
                4510             28             42                   1
                4538             56             42                   1
                4542             60             42                   1
                4549             67             42                   1
                4571             89             42                   1
                4591            109             42                   1
                4596            114             42                   1
                4625             15             43                   1
                4626             16             43                   1
                4627             17             43                   1
                4628             18             43                   1
                4633             23             43                   1
                4635             25             43                   1
                4636             26             43                   1
                4640             30             43                   1
                4643             33             43                   1
                4647             37             43                   1
                4652             42             43                   1
                4661             51             43                   1
                4672             62             43                   1
                4679             69             43                   1
                4689             79             43                   1
                4690             80             43                   1
                4694             84             43                   1
                4699             89             43                   1
                4700             90             43                   1
                4705             95             43                   1
                4719            109             43                   1
                4722            112             43                   1
                4760             22             44                   1
                4770             32             44                   1
                4790             52             44                   1
                4794             56             44                   1
                4795             57             44                   1
                4799             61             44                   1
                4802             64             44                   1
                4813             75             44                   1
                4818             80             44                   1
                4828             90             44                   1
                4829             91             44                   1
                4834             96             44                   1
                4848            110             44                   1
                4867              1             45                   1
                4878             12             45                   1
                4893             27             45                   1
                4902             36             45                   1
                4906             40             45                   1
                4913             47             45                   1
                4922             56             45                   1
                4932             66             45                   1
                4939             73             45                   1
                4951             85             45                   1
                4963             97             45                   1
                4965             99             45                   1
                4978            112             45                   1
                4989            123             45                   1
