               Sayac              X              Y               Deger
                 309             51             10                   1
                 485             99             11                   1
                 503            117             11                   1
                 538             24             12                   1
                 625            111             12                   1
                 661             19             13                   1
                 849             79             14                   1
                 880            110             14                   1
                 890            120             14                   1
                 901              3             15                   1
                 938             40             15                   1
                 983             85             15                   1
                 995             97             15                   1
                1032              6             16                   1
                1046             20             16                   1
                1049             23             16                   1
                1075             49             16                   1
                1111             85             16                   1
                1144            118             16                   1
                1174             20             17                   1
                1201             47             17                   1
                1224             70             17                   1
                1239             85             17                   1
                1248             94             17                   1
                1260            106             17                   1
                1267            113             17                   1
                1397            115             18                   1
                1412              2             19                   1
                1421             11             19                   1
                1442             32             19                   1
                1451             41             19                   1
                1456             46             19                   1
                1458             48             19                   1
                1470             60             19                   1
                1488             78             19                   1
                1501             91             19                   1
                1516            106             19                   1
                1559             21             20                   1
                1600             62             20                   1
                1604             66             20                   1
                1612             74             20                   1
                1615             77             20                   1
                1687             21             21                   1
                1704             38             21                   1
                1722             56             21                   1
                1766            100             21                   1
                1785            119             21                   1
                1836             42             22                   1
                1874             80             22                   1
                1894            100             22                   1
                1896            102             22                   1
                1915            121             22                   1
                1934             12             23                   1
                1968             46             23                   1
                2013             91             23                   1
                2016             94             23                   1
                2054              4             24                   1
                2064             14             24                   1
                2071             21             24                   1
                2074             24             24                   1
                2083             33             24                   1
                2096             46             24                   1
                2102             52             24                   1
                2111             61             24                   1
                2134             84             24                   1
                2141             91             24                   1
                2162            112             24                   1
                2184              6             25                   1
                2199             21             25                   1
                2255             77             25                   1
                2259             81             25                   1
                2276             98             25                   1
                2282            104             25                   1
                2340             34             26                   1
                2349             43             26                   1
                2350             44             26                   1
                2352             46             26                   1
                2376             70             26                   1
                2392             86             26                   1
                2404             98             26                   1
                2410            104             26                   1
                2433            127             26                   1
                2483             49             27                   1
                2503             69             27                   1
                2511             77             27                   1
                2538            104             27                   1
                2563              1             28                   1
                2579             17             28                   1
                2590             28             28                   1
                2612             50             28                   1
                2621             59             28                   1
                2658             96             28                   1
                2664            102             28                   1
                2666            104             28                   1
                2669            107             28                   1
                2673            111             28                   1
                2677            115             28                   1
                2721             31             29                   1
                2723             33             29                   1
                2748             58             29                   1
                2789             99             29                   1
                2791            101             29                   1
                2802            112             29                   1
                2814            124             29                   1
                2820              2             30                   1
                2829             11             30                   1
                2839             21             30                   1
                2854             36             30                   1
                2894             76             30                   1
                2896             78             30                   1
                2901             83             30                   1
                2909             91             30                   1
                2916             98             30                   1
                2948              2             31                   1
                2968             22             31                   1
                3010             64             31                   1
                3033             87             31                   1
                3035             89             31                   1
                3040             94             31                   1
                3042             96             31                   1
                3055            109             31                   1
                3063            117             31                   1
                3065            119             31                   1
                3074              0             32                   1
                3081              7             32                   1
                3082              8             32                   1
                3096             22             32                   1
                3108             34             32                   1
                3121             47             32                   1
                3158             84             32                   1
                3170             96             32                   1
                3171             97             32                   1
                3179            105             32                   1
                3183            109             32                   1
                3192            118             32                   1
                3199            125             32                   1
                3200            126             32                   1
                3230             28             33                   1
                3235             33             33                   1
                3257             55             33                   1
                3275             73             33                   1
                3276             74             33                   1
                3279             77             33                   1
                3284             82             33                   1
                3317            115             33                   1
                3325            123             33                   1
                3378             48             34                   1
                3422             92             34                   1
                3434            104             34                   1
                3450            120             34                   1
                3467              9             35                   1
                3500             42             35                   1
                3512             54             35                   1
                3525             67             35                   1
                3560            102             35                   1
                3563            105             35                   1
                3579            121             35                   1
                3589              3             36                   1
                3625             39             36                   1
                3631             45             36                   1
                3635             49             36                   1
                3659             73             36                   1
                3666             80             36                   1
                3674             88             36                   1
                3677             91             36                   1
                3702            116             36                   1
                3705            119             36                   1
                3712            126             36                   1
                3715              1             37                   1
                3739             25             37                   1
                3755             41             37                   1
                3779             65             37                   1
                3780             66             37                   1
                3804             90             37                   1
                3829            115             37                   1
                3831            117             37                   1
                3832            118             37                   1
                3833            119             37                   1
                3838            124             37                   1
                3841            127             37                   1
                3842              0             38                   1
                3846              4             38                   1
                3850              8             38                   1
                3856             14             38                   1
                3857             15             38                   1
                3879             37             38                   1
                3881             39             38                   1
                3886             44             38                   1
                3890             48             38                   1
                3907             65             38                   1
                3908             66             38                   1
                3912             70             38                   1
                3926             84             38                   1
                3945            103             38                   1
                3948            106             38                   1
                3952            110             38                   1
                3963            121             38                   1
                3987             17             39                   1
                3999             29             39                   1
                4003             33             39                   1
                4026             56             39                   1
                4044             74             39                   1
                4067             97             39                   1
                4080            110             39                   1
                4119             21             40                   1
                4134             36             40                   1
                4152             54             40                   1
                4156             58             40                   1
                4162             64             40                   1
                4169             71             40                   1
                4173             75             40                   1
                4177             79             40                   1
                4178             80             40                   1
                4184             86             40                   1
                4208            110             40                   1
                4212            114             40                   1
                4214            116             40                   1
                4219            121             40                   1
                4237             11             41                   1
                4238             12             41                   1
                4242             16             41                   1
                4252             26             41                   1
                4253             27             41                   1
                4274             48             41                   1
                4282             56             41                   1
                4283             57             41                   1
                4289             63             41                   1
                4294             68             41                   1
                4299             73             41                   1
                4301             75             41                   1
                4327            101             41                   1
                4351            125             41                   1
                4355              1             42                   1
                4359              5             42                   1
                4361              7             42                   1
                4378             24             42                   1
                4380             26             42                   1
                4382             28             42                   1
                4410             56             42                   1
                4414             60             42                   1
                4421             67             42                   1
                4443             89             42                   1
                4463            109             42                   1
                4468            114             42                   1
                4497             15             43                   1
                4498             16             43                   1
                4499             17             43                   1
                4500             18             43                   1
                4505             23             43                   1
                4507             25             43                   1
                4508             26             43                   1
                4512             30             43                   1
                4515             33             43                   1
                4519             37             43                   1
                4524             42             43                   1
                4533             51             43                   1
                4544             62             43                   1
                4551             69             43                   1
                4561             79             43                   1
                4562             80             43                   1
                4566             84             43                   1
                4571             89             43                   1
                4572             90             43                   1
                4577             95             43                   1
                4591            109             43                   1
                4594            112             43                   1
                4632             22             44                   1
                4642             32             44                   1
                4662             52             44                   1
                4666             56             44                   1
                4667             57             44                   1
                4671             61             44                   1
                4674             64             44                   1
                4685             75             44                   1
                4690             80             44                   1
                4700             90             44                   1
                4701             91             44                   1
                4706             96             44                   1
                4720            110             44                   1
                4739              1             45                   1
                4750             12             45                   1
                4765             27             45                   1
                4774             36             45                   1
                4778             40             45                   1
                4785             47             45                   1
                4794             56             45                   1
                4804             66             45                   1
                4811             73             45                   1
                4823             85             45                   1
                4835             97             45                   1
                4837             99             45                   1
                4850            112             45                   1
                4861            123             45                   1
                4875              9             46                   1
                4894             28             46                   1
                4897             31             46                   1
                4898             32             46                   1
                4905             39             46                   1
                4921             55             46                   1
                4922             56             46                   1
                4932             66             46                   1
                4941             75             46                   1
                4946             80             46                   1
                4950             84             46                   1
                4953             87             46                   1
                4959             93             46                   1
                4966            100             46                   1
                4971            105             46                   1
                4974            108             46                   1
                4990            124             46                   1
                4996              2             47                   1
